N = 10;
M = 20;